image: map0407.pgm
resolution: 0.050000
origin: [-5.630630, -9.650000, 0.000000]
negate: 0
occupied_thresh: 0.65
free_thresh: 0.196

